1;23.5506;18.9009;0
2;23.6215;18.364;0
3;24.5554;19.0699;0
4;25.4589;18.717;0
5;23.8744;18.4044;0
6;23.9589;18.712;0
7;24.1801;18.3274;0
8;24.1994;18.6586;0
9;25.1849;18.5001;0
10;24.8381;18.4747;0
11;24.5312;18.625;0
12;24.9543;18.7717;0
13;24.1472;17.9533;0
14;24.3914;18.0882;0
15;24.5119;17.752;0
16;25.0798;18.0409;0
17;24.8095;18.1758;0
18;25.3259;18.0782;0
19;24.3914;17.1101;0
20;24.996;17.4774;0
21;25.6068;17.9049;0
22;25.0656;17.0598;0
23;24.9842;16.7969;0
24;24.5821;16.9374;0
25;25.6795;17.0393;0
26;25.5105;16.6938;0
27;26.4338;20.806;0
28;26.1486;20.9396;0
29;26.1486;20.9396;0
30;25.8317;20.5879;0
31;26.4475;20.1567;0
32;26.737;19.6267;0
33;26.4046;19.1203;0
34;26.3182;19.5714;0
35;26.0716;19.8964;0
36;25.677;19.4707;0
37;25.4545;19.2352;0
38;25.0382;19.3763;0
39;24.9922;19.9815;0
40;25.2402;19.6901;0
41;24.8549;19.6739;0
42;25.7776;20.3667;0
43;25.9603;20.1393;0
44;23.2586;20.2599;0
45;24.4262;19.4651;0
46;23.9086;20.0498;0
47;24.1254;20.6389;0
48;24.6915;20.1424;0
49;24.4311;20.358;0
50;24.3845;20.0623;0
51;24.6269;20.6358;0
52;25.0991;20.4177;0
53;26.1815;16.782;0
54;26.335;16.5919;0
55;26.7209;16.5857;0
56;26.632;16.8641;0
57;26.9657;16.9293;0
58;27.3218;16.8578;0
59;27.1422;16.5372;0
60;27.6107;16.4453;0
61;27.8897;16.8224;0
62;27.7667;16.695;0
63;28.1743;16.6466;0
64;28.2631;16.9206;0
65;28.7739;16.6602;0
66;28.7043;16.4254;0
67;28.0475;16.3284;0
68;28.5204;16.1986;0
69;26.7302;15.6424;0
70;26.852;15.9972;0
71;26.5612;15.9829;0
72;26.7103;16.2564;0
73;27.0359;16.2023;0
74;27.2018;15.822;0
75;27.4212;16.0358;0
76;27.8195;15.8338;0
77;27.7915;16.1078;0
78;25.8883;16.3949;0
79;26.3288;16.3446;0
80;26.394;16.0799;0
81;26.1269;16.0227;0
82;26.1057;15.6791;0
83;22.1134;19.5347;0
84;21.758;19.0761;0
85;22.1743;19.0376;0
86;23.3294;19.4769;0
87;22.9218;19.5036;0
88;22.6552;18.9705;0
89;23.153;18.4573;0
90;23.3381;19.1022;0
91;22.8597;18.7474;0
92;21.9562;18.2882;0
93;21.0906;18.1105;0
94;22.3415;18.1478;0
95;22.7609;18.3299;0
96;23.0523;18.0795;0
97;23.2605;18.0099;0
98;23.7029;17.9465;0
99;24.008;17.7247;0
100;22.2346;17.3394;0
101;22.1842;17.5637;0
102;22.5403;17.6662;0
103;22.5745;17.3773;0
104;23.2132;17.4481;0
105;23.0219;17.6967;0
106;23.4929;17.7073;0
107;22.9249;17.396;0
108;23.7663;17.3686;0
109;23.9185;17.0057;0
110;23.7855;17.0648;0
111;24.1931;16.8131;0
112;23.4438;16.5745;0
113;23.7427;16.6422;0
114;23.1791;16.5633;0
115;22.8106;16.5652;0
116;22.6329;16.8566;0
117;22.2197;16.8367;0
118;22.6136;17.1412;0
119;23.591;16.8995;0
120;23.2654;16.9778;0
121;22.974;17.0014;0
122;23.422;17.217;0
123;23.2549;16.7547;0
124;19.472;17.4015;0
125;20.2692;17.596;0
126;20.3531;17.893;0
127;20.263;17.0269;0
128;21.2621;16.2849;0
129;21.2833;16.0028;0
130;21.013;16.7124;0
131;21.5063;16.6826;0
132;21.3814;16.9573;0
133;21.0726;17.5991;0
134;20.8781;17.7508;0
135;21.1043;17.2965;0
136;21.6666;17.5532;0
137;21.9413;17.5308;0
138;21.6281;17.1542;0
139;21.9394;17.1219;0
140;17.1375;21.8928;0
141;17.9881;21.1571;0
142;17.985;20.6283;0
143;18.6573;21.0179;0
144;16.8429;19.7025;0
145;16.6863;20.2903;0
146;17.7489;20.1132;0
147;17.6544;19.6031;0
148;17.4593;19.2023;0
149;18.9314;19.8355;0
150;19.0743;21.0906;0
151;18.3609;19.2936;0
152;18.1174;19.1246;0
153;18.607;19.3601;0
154;18.5026;19.8827;0
155;18.6946;18.9363;0
156;19.6522;18.5915;0
157;19.7447;18.3603;0
158;19.9299;18.2851;0
159;18.817;18.6201;0
160;18.7692;18.1211;0
161;18.2162;18.4945;0
162;17.5662;18.7754;0
163;17.7085;18.2037;0
164;17.4047;17.6109;0
165;17.2686;16.933;0
166;18.5629;17.0554;0
167;18.1832;17.1014;0
168;17.9061;16.8305;0
169;19.1377;17.8402;0
170;18.4871;18.0807;0
171;18.0844;17.7588;0
172;18.4355;17.6588;0
173;19.6341;19.2607;0
174;19.7367;20.0039;0
175;20.1505;19.4073;0
176;21.3392;19.1544;0
177;21.0353;19.5633;0
178;20.7166;20.0386;0
179;21.6089;18.7251;0
180;20.6109;18.9991;0
181;16.495;19.5819;0
182;16.5242;19.229;0
183;16.2054;18.6629;0
184;16.7242;18.7201;0
185;16.9709;17.8893;0
186;16.3881;17.8986;0
187;17.1132;15.2814;0
188;16.5583;14.6383;0
189;15.1994;13.9871;0
190;16.3794;13.2533;0
191;22.3446;16.3023;0
192;22.6068;16.28;0
193;22.8908;16.2725;0
194;23.3475;15.8139;0
195;23.5699;15.612;0
196;22.8373;15.8711;0
197;23.0983;16.0115;0
198;23.0473;16.2315;0
199;23.299;16.4279;0
200;23.7221;16.3937;0
Arcs:
1;11000;80;50;0;33.73330067980546
1;11007;60;50;0;25.299975509854093
1;11704;120;50;0;50.599951019708186
1;11708;120;50;0;50.599951019708186
1;11717;60;50;0;25.299975509854093
2;10892;80;50;0;33.73330067980546
2;10895;120;50;0;50.599951019708186
2;11707;60;50;0;25.299975509854093
2;11711;60;50;0;25.299975509854093
2;11714;80;50;0;33.73330067980546
3;3336;120;50;0;50.599951019708186
3;3361;120;50;0;50.599951019708186
3;10256;60;50;0;25.299975509854093
3;11293;120;50;0;50.599951019708186
3;12313;60;50;0;25.299975509854093
4;12363;80;50;0;33.73330067980546
4;12685;120;50;0;50.599951019708186
4;12690;120;50;0;50.599951019708186
4;12799;120;50;0;50.599951019708186
4;12800;80;50;0;33.73330067980546
5;11696;120;50;0;50.599951019708186
5;11697;80;50;0;33.73330067980546
5;11698;60;50;0;25.299975509854093
5;11714;80;50;0;33.73330067980546
5;11725;60;50;0;25.299975509854093
6;11016;120;50;0;50.599951019708186
6;11017;60;50;0;25.299975509854093
6;11695;120;50;0;50.599951019708186
6;11717;120;50;0;50.599951019708186
6;11724;60;50;0;25.299975509854093
7;3365;80;50;0;33.73330067980546
7;10957;60;50;0;25.299975509854093
7;11375;80;50;0;33.73330067980546
7;11744;120;50;0;50.599951019708186
7;12515;120;50;0;50.599951019708186
8;3361;60;50;0;25.299975509854093
8;3362;80;50;0;33.73330067980546
8;11016;120;50;0;50.599951019708186
8;11017;60;50;0;25.299975509854093
8;11724;120;50;0;50.599951019708186
9;3352;60;50;0;25.299975509854093
9;3353;80;50;0;33.73330067980546
9;3357;120;50;0;50.599951019708186
9;3358;120;50;0;50.599951019708186
9;3359;60;50;0;25.299975509854093
10;3353;120;50;0;50.599951019708186
10;3354;80;50;0;33.73330067980546
10;3355;60;50;0;25.299975509854093
10;3356;80;50;0;33.73330067980546
10;3359;120;50;0;50.599951019708186
11;11018;120;50;0;50.599951019708186
11;11019;60;50;0;25.299975509854093
11;11020;60;50;0;25.299975509854093
11;11022;120;50;0;50.599951019708186
11;11028;120;50;0;50.599951019708186
12;11181;120;50;0;50.599951019708186
12;11276;120;50;0;50.599951019708186
12;11278;80;50;0;33.73330067980546
12;11279;80;50;0;33.73330067980546
12;11286;60;50;0;25.299975509854093
13;10956;80;50;0;33.73330067980546
13;10961;80;50;0;33.73330067980546
13;10963;80;50;0;33.73330067980546
13;10965;120;50;0;50.599951019708186
13;11712;120;50;0;50.599951019708186
14;11106;80;50;0;33.73330067980546
14;11110;60;50;0;25.299975509854093
14;11114;120;50;0;50.599951019708186
14;11121;120;50;0;50.599951019708186
14;12522;60;50;0;25.299975509854093
15;11108;80;50;0;33.73330067980546
15;11118;120;50;0;50.599951019708186
15;11175;120;50;0;50.599951019708186
15;11176;60;50;0;25.299975509854093
15;11178;60;50;0;25.299975509854093
16;12516;80;50;0;33.73330067980546
16;12529;120;50;0;50.599951019708186
16;12532;60;50;0;25.299975509854093
16;12540;120;50;0;50.599951019708186
16;12543;80;50;0;33.73330067980546
17;3354;80;50;0;33.73330067980546
17;3355;80;50;0;33.73330067980546
17;12644;80;50;0;33.73330067980546
17;12645;60;50;0;25.299975509854093
17;12648;60;50;0;25.299975509854093
18;11160;60;50;0;25.299975509854093
18;11166;60;50;0;25.299975509854093
18;11167;80;50;0;33.73330067980546
18;12520;120;50;0;50.599951019708186
18;12521;60;50;0;25.299975509854093
19;11067;60;50;0;25.299975509854093
19;11078;80;50;0;33.73330067980546
19;11332;80;50;0;33.73330067980546
19;11333;80;50;0;33.73330067980546
19;11340;120;50;0;50.599951019708186
20;10149;60;50;0;25.299975509854093
20;10152;80;50;0;33.73330067980546
20;12527;80;50;0;33.73330067980546
20;12854;80;50;0;33.73330067980546
20;12857;120;50;0;50.599951019708186
21;11350;60;50;0;25.299975509854093
21;12614;60;50;0;25.299975509854093
21;12615;80;50;0;33.73330067980546
21;12616;60;50;0;25.299975509854093
21;12617;60;50;0;25.299975509854093
22;12564;120;50;0;50.599951019708186
22;12568;60;50;0;25.299975509854093
22;12575;80;50;0;33.73330067980546
22;12576;60;50;0;25.299975509854093
22;12577;80;50;0;33.73330067980546
23;12596;120;50;0;50.599951019708186
23;12606;120;50;0;50.599951019708186
23;12608;60;50;0;25.299975509854093
23;12619;80;50;0;33.73330067980546
23;12620;120;50;0;50.599951019708186
24;11103;60;50;0;25.299975509854093
24;11327;80;50;0;33.73330067980546
24;11328;120;50;0;50.599951019708186
24;11333;120;50;0;50.599951019708186
24;11341;80;50;0;33.73330067980546
25;11353;60;50;0;25.299975509854093
25;12232;120;50;0;50.599951019708186
25;12233;120;50;0;50.599951019708186
25;12241;60;50;0;25.299975509854093
25;12244;60;50;0;25.299975509854093
26;12777;80;50;0;33.73330067980546
26;12780;60;50;0;25.299975509854093
26;12910;60;50;0;25.299975509854093
26;12915;80;50;0;33.73330067980546
26;12916;80;50;0;33.73330067980546
27;1003;60;50;0;25.299975509854093
27;3825;120;50;0;50.599951019708186
27;3826;80;50;0;33.73330067980546
27;3828;60;50;0;25.299975509854093
27;11860;60;50;0;25.299975509854093
28;3827;60;50;0;25.299975509854093
28;11219;80;50;0;33.73330067980546
28;11221;120;50;0;50.599951019708186
28;11224;80;50;0;33.73330067980546
28;11227;80;50;0;33.73330067980546
29;3827;120;50;0;50.599951019708186
29;11219;60;50;0;25.299975509854093
29;11221;80;50;0;33.73330067980546
29;11224;120;50;0;50.599951019708186
29;11227;120;50;0;50.599951019708186
30;10242;60;50;0;25.299975509854093
30;10243;60;50;0;25.299975509854093
30;11203;80;50;0;33.73330067980546
30;11207;60;50;0;25.299975509854093
30;11216;60;50;0;25.299975509854093
31;11864;120;50;0;50.599951019708186
31;11866;120;50;0;50.599951019708186
31;11867;80;50;0;33.73330067980546
31;11868;120;50;0;50.599951019708186
31;11869;120;50;0;50.599951019708186
32;11298;60;50;0;25.299975509854093
32;11361;80;50;0;33.73330067980546
32;11362;60;50;0;25.299975509854093
32;11364;60;50;0;25.299975509854093
32;11365;80;50;0;33.73330067980546
33;11281;120;50;0;50.599951019708186
33;11285;80;50;0;33.73330067980546
33;11288;120;50;0;50.599951019708186
33;11817;120;50;0;50.599951019708186
33;11819;80;50;0;33.73330067980546
34;11298;60;50;0;25.299975509854093
34;11301;60;50;0;25.299975509854093
34;11311;60;50;0;25.299975509854093
34;11358;60;50;0;25.299975509854093
34;11823;60;50;0;25.299975509854093
35;10238;120;50;0;50.599951019708186
35;10248;60;50;0;25.299975509854093
35;11254;80;50;0;33.73330067980546
35;11259;80;50;0;33.73330067980546
35;11260;120;50;0;50.599951019708186
36;11314;60;50;0;25.299975509854093
36;12871;60;50;0;25.299975509854093
36;12912;120;50;0;50.599951019708186
36;12913;80;50;0;33.73330067980546
36;12918;120;50;0;50.599951019708186
37;10625;120;50;0;50.599951019708186
37;11065;120;50;0;50.599951019708186
37;11271;60;50;0;25.299975509854093
37;12801;120;50;0;50.599951019708186
37;12815;80;50;0;33.73330067980546
38;11059;120;50;0;50.599951019708186
38;11060;120;50;0;50.599951019708186
38;11061;60;50;0;25.299975509854093
38;11066;60;50;0;25.299975509854093
38;12314;80;50;0;33.73330067980546
39;3493;120;50;0;50.599951019708186
39;3497;60;50;0;25.299975509854093
39;10626;60;50;0;25.299975509854093
39;10629;60;50;0;25.299975509854093
39;10631;60;50;0;25.299975509854093
40;10624;60;50;0;25.299975509854093
40;12499;80;50;0;33.73330067980546
40;12500;80;50;0;33.73330067980546
40;12501;80;50;0;33.73330067980546
40;12511;80;50;0;33.73330067980546
41;11059;120;50;0;50.599951019708186
41;11060;80;50;0;33.73330067980546
41;11061;60;50;0;25.299975509854093
41;11066;80;50;0;33.73330067980546
41;11294;60;50;0;25.299975509854093
42;10242;120;50;0;50.599951019708186
42;10243;60;50;0;25.299975509854093
42;10250;80;50;0;33.73330067980546
42;10251;80;50;0;33.73330067980546
42;11203;120;50;0;50.599951019708186
43;10235;80;50;0;33.73330067980546
43;10237;80;50;0;33.73330067980546
43;10238;60;50;0;25.299975509854093
43;10245;80;50;0;33.73330067980546
43;10246;60;50;0;25.299975509854093
44;10872;120;50;0;50.599951019708186
44;10874;80;50;0;33.73330067980546
44;10875;60;50;0;25.299975509854093
44;10876;80;50;0;33.73330067980546
44;12143;120;50;0;50.599951019708186
45;12457;80;50;0;33.73330067980546
45;12458;80;50;0;33.73330067980546
45;12466;120;50;0;50.599951019708186
45;12469;60;50;0;25.299975509854093
45;12483;60;50;0;25.299975509854093
46;3512;80;50;0;33.73330067980546
46;3513;60;50;0;25.299975509854093
46;3514;80;50;0;33.73330067980546
46;3515;80;50;0;33.73330067980546
46;10292;80;50;0;33.73330067980546
47;12460;80;50;0;33.73330067980546
47;12461;60;50;0;25.299975509854093
47;12463;80;50;0;33.73330067980546
47;12481;80;50;0;33.73330067980546
47;12491;60;50;0;25.299975509854093
48;11036;80;50;0;33.73330067980546
48;12368;80;50;0;33.73330067980546
48;12371;120;50;0;50.599951019708186
48;12372;120;50;0;50.599951019708186
48;12385;120;50;0;50.599951019708186
49;12367;120;50;0;50.599951019708186
49;12377;80;50;0;33.73330067980546
49;12459;120;50;0;50.599951019708186
49;12464;80;50;0;33.73330067980546
49;12465;120;50;0;50.599951019708186
50;3376;60;50;0;25.299975509854093
50;3377;120;50;0;50.599951019708186
50;3499;60;50;0;25.299975509854093
50;10290;120;50;0;50.599951019708186
50;10291;80;50;0;33.73330067980546
51;3860;80;50;0;33.73330067980546
51;3861;120;50;0;50.599951019708186
51;10615;80;50;0;33.73330067980546
51;11034;80;50;0;33.73330067980546
51;11045;80;50;0;33.73330067980546
52;3492;80;50;0;33.73330067980546
52;3494;60;50;0;25.299975509854093
52;3495;60;50;0;25.299975509854093
52;3496;60;50;0;25.299975509854093
52;11045;80;50;0;33.73330067980546
53;7575;80;50;0;33.73330067980546
53;7576;80;50;0;33.73330067980546
53;8056;80;50;0;33.73330067980546
53;8060;60;50;0;25.299975509854093
53;8062;120;50;0;50.599951019708186
54;9542;60;50;0;25.299975509854093
54;9550;120;50;0;50.599951019708186
54;9551;80;50;0;33.73330067980546
54;9563;60;50;0;25.299975509854093
54;9564;60;50;0;25.299975509854093
55;8041;60;50;0;25.299975509854093
55;8042;120;50;0;50.599951019708186
55;8046;120;50;0;50.599951019708186
55;8047;80;50;0;33.73330067980546
55;11095;80;50;0;33.73330067980546
56;6476;120;50;0;50.599951019708186
56;8047;120;50;0;50.599951019708186
56;8048;60;50;0;25.299975509854093
56;8053;120;50;0;50.599951019708186
56;8054;80;50;0;33.73330067980546
57;8043;120;50;0;50.599951019708186
57;8045;80;50;0;33.73330067980546
57;8049;120;50;0;50.599951019708186
57;8245;80;50;0;33.73330067980546
57;8248;60;50;0;25.299975509854093
58;7572;80;50;0;33.73330067980546
58;8761;120;50;0;50.599951019708186
58;8762;120;50;0;50.599951019708186
58;9561;80;50;0;33.73330067980546
58;9562;60;50;0;25.299975509854093
59;8044;80;50;0;33.73330067980546
59;8244;60;50;0;25.299975509854093
59;9825;120;50;0;50.599951019708186
59;9827;80;50;0;33.73330067980546
59;11080;60;50;0;25.299975509854093
60;9604;120;50;0;50.599951019708186
60;9813;60;50;0;25.299975509854093
60;9819;60;50;0;25.299975509854093
60;9820;60;50;0;25.299975509854093
60;10137;80;50;0;33.73330067980546
61;1061;80;50;0;33.73330067980546
61;9781;80;50;0;33.73330067980546
61;9786;60;50;0;25.299975509854093
61;9871;120;50;0;50.599951019708186
61;9872;120;50;0;50.599951019708186
62;3645;60;50;0;25.299975509854093
62;3646;120;50;0;50.599951019708186
62;9604;120;50;0;50.599951019708186
62;9870;120;50;0;50.599951019708186
62;9872;60;50;0;25.299975509854093
63;9041;120;50;0;50.599951019708186
63;9043;120;50;0;50.599951019708186
63;9045;80;50;0;33.73330067980546
63;9046;60;50;0;25.299975509854093
63;9879;120;50;0;50.599951019708186
64;3586;120;50;0;50.599951019708186
64;9043;120;50;0;50.599951019708186
64;9044;120;50;0;50.599951019708186
64;9046;60;50;0;25.299975509854093
64;9047;60;50;0;25.299975509854093
65;9873;60;50;0;25.299975509854093
65;9876;80;50;0;33.73330067980546
65;9971;80;50;0;33.73330067980546
65;9982;80;50;0;33.73330067980546
65;9990;120;50;0;50.599951019708186
66;9360;80;50;0;33.73330067980546
66;9873;80;50;0;33.73330067980546
66;9974;60;50;0;25.299975509854093
66;9977;60;50;0;25.299975509854093
66;9981;120;50;0;50.599951019708186
67;8743;60;50;0;25.299975509854093
67;9359;60;50;0;25.299975509854093
67;9647;120;50;0;50.599951019708186
67;9879;120;50;0;50.599951019708186
67;10059;120;50;0;50.599951019708186
68;7553;80;50;0;33.73330067980546
68;8745;80;50;0;33.73330067980546
68;8747;60;50;0;25.299975509854093
68;9360;80;50;0;33.73330067980546
68;9361;60;50;0;25.299975509854093
69;8259;80;50;0;33.73330067980546
69;8284;60;50;0;25.299975509854093
69;9317;120;50;0;50.599951019708186
69;9318;60;50;0;25.299975509854093
69;9319;80;50;0;33.73330067980546
70;8160;80;50;0;33.73330067980546
70;8240;80;50;0;33.73330067980546
70;8260;80;50;0;33.73330067980546
70;8261;80;50;0;33.73330067980546
70;8263;80;50;0;33.73330067980546
71;8255;120;50;0;50.599951019708186
71;8256;60;50;0;25.299975509854093
71;8257;80;50;0;33.73330067980546
71;8259;80;50;0;33.73330067980546
71;8264;60;50;0;25.299975509854093
72;8254;120;50;0;50.599951019708186
72;8748;120;50;0;50.599951019708186
72;8749;80;50;0;33.73330067980546
72;8753;60;50;0;25.299975509854093
72;8759;120;50;0;50.599951019708186
73;8146;60;50;0;25.299975509854093
73;8147;80;50;0;33.73330067980546
73;8148;60;50;0;25.299975509854093
73;8149;120;50;0;50.599951019708186
73;8157;80;50;0;33.73330067980546
74;8161;80;50;0;33.73330067980546
74;8162;80;50;0;33.73330067980546
74;8165;60;50;0;25.299975509854093
74;8166;120;50;0;50.599951019708186
74;8223;80;50;0;33.73330067980546
75;8218;60;50;0;25.299975509854093
75;8220;120;50;0;50.599951019708186
75;8224;60;50;0;25.299975509854093
75;8226;80;50;0;33.73330067980546
75;8227;80;50;0;33.73330067980546
76;7564;120;50;0;50.599951019708186
76;8717;60;50;0;25.299975509854093
76;9335;60;50;0;25.299975509854093
76;9340;80;50;0;33.73330067980546
76;9342;80;50;0;33.73330067980546
77;8743;80;50;0;33.73330067980546
77;9980;80;50;0;33.73330067980546
77;9987;120;50;0;50.599951019708186
77;9988;120;50;0;50.599951019708186
77;9989;80;50;0;33.73330067980546
78;9311;120;50;0;50.599951019708186
78;9312;60;50;0;25.299975509854093
78;9538;60;50;0;25.299975509854093
78;9544;80;50;0;33.73330067980546
78;9546;120;50;0;50.599951019708186
79;9555;60;50;0;25.299975509854093
79;9558;120;50;0;50.599951019708186
79;9567;80;50;0;33.73330067980546
79;9568;60;50;0;25.299975509854093
79;9569;120;50;0;50.599951019708186
80;8264;80;50;0;33.73330067980546
80;8265;80;50;0;33.73330067980546
80;9206;60;50;0;25.299975509854093
80;9209;60;50;0;25.299975509854093
80;9603;120;50;0;50.599951019708186
81;7933;120;50;0;50.599951019708186
81;8179;80;50;0;33.73330067980546
81;8182;80;50;0;33.73330067980546
81;9207;80;50;0;33.73330067980546
81;9208;120;50;0;50.599951019708186
82;1043;60;50;0;25.299975509854093
82;8168;120;50;0;50.599951019708186
82;8171;120;50;0;50.599951019708186
82;8174;80;50;0;33.73330067980546
82;8180;60;50;0;25.299975509854093
83;10326;60;50;0;25.299975509854093
83;10878;120;50;0;50.599951019708186
83;10880;120;50;0;50.599951019708186
83;10881;60;50;0;25.299975509854093
83;10885;120;50;0;50.599951019708186
84;10321;80;50;0;33.73330067980546
84;10323;120;50;0;50.599951019708186
84;10330;60;50;0;25.299975509854093
84;10750;80;50;0;33.73330067980546
84;10751;60;50;0;25.299975509854093
85;1087;60;50;0;25.299975509854093
85;10324;120;50;0;50.599951019708186
85;10325;120;50;0;50.599951019708186
85;10742;80;50;0;33.73330067980546
85;10878;80;50;0;33.73330067980546
86;10883;80;50;0;33.73330067980546
86;10887;80;50;0;33.73330067980546
86;11987;80;50;0;33.73330067980546
86;11990;80;50;0;33.73330067980546
86;12003;60;50;0;25.299975509854093
87;11988;60;50;0;25.299975509854093
87;11991;60;50;0;25.299975509854093
87;11993;80;50;0;33.73330067980546
87;11998;60;50;0;25.299975509854093
87;12004;60;50;0;25.299975509854093
88;3309;60;50;0;25.299975509854093
88;3310;60;50;0;25.299975509854093
88;10316;60;50;0;25.299975509854093
88;10318;60;50;0;25.299975509854093
88;10320;120;50;0;50.599951019708186
89;11113;80;50;0;33.73330067980546
89;11116;60;50;0;25.299975509854093
89;11117;80;50;0;33.73330067980546
89;11122;80;50;0;33.73330067980546
89;11123;120;50;0;50.599951019708186
90;11000;80;50;0;33.73330067980546
90;11007;80;50;0;33.73330067980546
90;11986;60;50;0;25.299975509854093
90;11987;120;50;0;50.599951019708186
90;11988;60;50;0;25.299975509854093
91;3315;60;50;0;25.299975509854093
91;3316;80;50;0;33.73330067980546
91;3317;80;50;0;33.73330067980546
91;10316;60;50;0;25.299975509854093
91;10318;120;50;0;50.599951019708186
92;10747;80;50;0;33.73330067980546
92;11133;60;50;0;25.299975509854093
92;11134;120;50;0;50.599951019708186
92;11136;80;50;0;33.73330067980546
92;12249;120;50;0;50.599951019708186
93;12252;80;50;0;33.73330067980546
93;12253;80;50;0;33.73330067980546
93;12270;60;50;0;25.299975509854093
93;12337;80;50;0;33.73330067980546
93;12345;80;50;0;33.73330067980546
94;3321;120;50;0;50.599951019708186
94;3322;80;50;0;33.73330067980546
94;3325;120;50;0;50.599951019708186
94;3326;60;50;0;25.299975509854093
94;3327;80;50;0;33.73330067980546
95;3321;120;50;0;50.599951019708186
95;3322;60;50;0;25.299975509854093
95;3325;80;50;0;33.73330067980546
95;3326;60;50;0;25.299975509854093
95;3330;60;50;0;25.299975509854093
96;10760;80;50;0;33.73330067980546
96;11123;60;50;0;25.299975509854093
96;11124;120;50;0;50.599951019708186
96;11734;60;50;0;25.299975509854093
96;11736;120;50;0;50.599951019708186
97;10760;120;50;0;50.599951019708186
97;10890;60;50;0;25.299975509854093
97;10891;60;50;0;25.299975509854093
97;11113;60;50;0;25.299975509854093
97;11123;80;50;0;33.73330067980546
98;10893;120;50;0;50.599951019708186
98;10905;60;50;0;25.299975509854093
98;11718;60;50;0;25.299975509854093
98;11719;60;50;0;25.299975509854093
98;11723;120;50;0;50.599951019708186
99;10902;60;50;0;25.299975509854093
99;10907;60;50;0;25.299975509854093
99;10958;60;50;0;25.299975509854093
99;10959;60;50;0;25.299975509854093
99;11718;80;50;0;33.73330067980546
100;3386;60;50;0;25.299975509854093
100;3387;60;50;0;25.299975509854093
100;3388;120;50;0;50.599951019708186
100;3854;80;50;0;33.73330067980546
100;10159;80;50;0;33.73330067980546
101;3845;60;50;0;25.299975509854093
101;10762;120;50;0;50.599951019708186
101;10767;60;50;0;25.299975509854093
101;10768;120;50;0;50.599951019708186
101;10769;80;50;0;33.73330067980546
102;3333;120;50;0;50.599951019708186
102;11541;80;50;0;33.73330067980546
102;11542;60;50;0;25.299975509854093
102;11543;80;50;0;33.73330067980546
102;11544;80;50;0;33.73330067980546
103;3329;120;50;0;50.599951019708186
103;3331;60;50;0;25.299975509854093
103;3332;60;50;0;25.299975509854093
103;3334;120;50;0;50.599951019708186
103;3335;80;50;0;33.73330067980546
104;10898;80;50;0;33.73330067980546
104;10901;80;50;0;33.73330067980546
104;10904;60;50;0;25.299975509854093
104;10906;80;50;0;33.73330067980546
104;12546;60;50;0;25.299975509854093
105;3373;80;50;0;33.73330067980546
105;3374;120;50;0;50.599951019708186
105;10759;80;50;0;33.73330067980546
105;12528;120;50;0;50.599951019708186
105;12530;120;50;0;50.599951019708186
106;10893;60;50;0;25.299975509854093
106;10900;60;50;0;25.299975509854093
106;10901;60;50;0;25.299975509854093
106;10904;120;50;0;50.599951019708186
106;10905;80;50;0;33.73330067980546
107;12546;60;50;0;25.299975509854093
107;12553;120;50;0;50.599951019708186
107;12583;120;50;0;50.599951019708186
107;12636;120;50;0;50.599951019708186
107;12637;120;50;0;50.599951019708186
108;10896;120;50;0;50.599951019708186
108;11071;120;50;0;50.599951019708186
108;12772;60;50;0;25.299975509854093
108;12773;60;50;0;25.299975509854093
108;12784;80;50;0;33.73330067980546
109;10189;120;50;0;50.599951019708186
109;10195;80;50;0;33.73330067980546
109;10201;120;50;0;50.599951019708186
109;10206;120;50;0;50.599951019708186
109;10990;120;50;0;50.599951019708186
110;10191;60;50;0;25.299975509854093
110;10200;120;50;0;50.599951019708186
110;10201;120;50;0;50.599951019708186
110;10991;80;50;0;33.73330067980546
110;11074;80;50;0;33.73330067980546
111;3347;80;50;0;33.73330067980546
111;11567;60;50;0;25.299975509854093
111;11568;80;50;0;33.73330067980546
111;11574;60;50;0;25.299975509854093
111;11575;60;50;0;25.299975509854093
112;3367;60;50;0;25.299975509854093
112;10966;60;50;0;25.299975509854093
112;11672;120;50;0;50.599951019708186
112;11675;120;50;0;50.599951019708186
112;11678;60;50;0;25.299975509854093
113;10986;120;50;0;50.599951019708186
113;11615;80;50;0;33.73330067980546
113;11673;60;50;0;25.299975509854093
113;11689;80;50;0;33.73330067980546
113;11690;60;50;0;25.299975509854093
114;3369;80;50;0;33.73330067980546
114;10281;80;50;0;33.73330067980546
114;10282;60;50;0;25.299975509854093
114;10285;80;50;0;33.73330067980546
114;10286;60;50;0;25.299975509854093
115;3830;120;50;0;50.599951019708186
115;3835;60;50;0;25.299975509854093
115;3836;60;50;0;25.299975509854093
115;10972;60;50;0;25.299975509854093
115;10980;120;50;0;50.599951019708186
116;10973;60;50;0;25.299975509854093
116;10975;80;50;0;33.73330067980546
116;10976;80;50;0;33.73330067980546
116;10977;120;50;0;50.599951019708186
116;10978;60;50;0;25.299975509854093
117;10160;120;50;0;50.599951019708186
117;10161;60;50;0;25.299975509854093
117;12012;80;50;0;33.73330067980546
117;12013;80;50;0;33.73330067980546
117;12014;60;50;0;25.299975509854093
118;3329;120;50;0;50.599951019708186
118;11855;60;50;0;25.299975509854093
118;12011;80;50;0;33.73330067980546
118;12638;120;50;0;50.599951019708186
118;12640;80;50;0;33.73330067980546
119;10914;80;50;0;33.73330067980546
119;10919;60;50;0;25.299975509854093
119;10920;80;50;0;33.73330067980546
119;10924;60;50;0;25.299975509854093
119;10925;80;50;0;33.73330067980546
120;3349;120;50;0;50.599951019708186
120;3350;80;50;0;33.73330067980546
120;10912;120;50;0;50.599951019708186
120;10916;80;50;0;33.73330067980546
120;11127;60;50;0;25.299975509854093
121;3840;60;50;0;25.299975509854093
121;3842;60;50;0;25.299975509854093
121;11125;120;50;0;50.599951019708186
121;11126;80;50;0;33.73330067980546
121;11129;120;50;0;50.599951019708186
122;10227;60;50;0;25.299975509854093
122;10228;120;50;0;50.599951019708186
122;10229;60;50;0;25.299975509854093
122;12632;80;50;0;33.73330067980546
122;12651;120;50;0;50.599951019708186
123;3349;80;50;0;33.73330067980546
123;3350;120;50;0;50.599951019708186
123;3366;80;50;0;33.73330067980546
123;3370;80;50;0;33.73330067980546
123;10909;60;50;0;25.299975509854093
124;3942;80;50;0;33.73330067980546
124;3943;60;50;0;25.299975509854093
124;3944;80;50;0;33.73330067980546
124;10705;80;50;0;33.73330067980546
124;10707;60;50;0;25.299975509854093
125;10703;80;50;0;33.73330067980546
125;10704;120;50;0;50.599951019708186
125;10706;120;50;0;50.599951019708186
125;10725;120;50;0;50.599951019708186
125;10726;80;50;0;33.73330067980546
126;1077;60;50;0;25.299975509854093
126;3291;120;50;0;50.599951019708186
126;10699;60;50;0;25.299975509854093
126;10700;80;50;0;33.73330067980546
126;10706;120;50;0;50.599951019708186
127;10717;120;50;0;50.599951019708186
127;10720;60;50;0;25.299975509854093
127;10721;80;50;0;33.73330067980546
127;10723;80;50;0;33.73330067980546
127;11592;80;50;0;33.73330067980546
128;867;60;50;0;25.299975509854093
128;1078;80;50;0;33.73330067980546
128;10797;60;50;0;25.299975509854093
128;10801;80;50;0;33.73330067980546
128;12962;80;50;0;33.73330067980546
129;867;80;50;0;33.73330067980546
129;1078;60;50;0;25.299975509854093
129;10797;120;50;0;50.599951019708186
129;10801;60;50;0;25.299975509854093
129;10820;80;50;0;33.73330067980546
130;11581;60;50;0;25.299975509854093
130;11582;60;50;0;25.299975509854093
130;11585;60;50;0;25.299975509854093
130;11586;60;50;0;25.299975509854093
130;11587;80;50;0;33.73330067980546
131;3392;60;50;0;25.299975509854093
131;3926;120;50;0;50.599951019708186
131;10796;120;50;0;50.599951019708186
131;10798;120;50;0;50.599951019708186
131;10802;120;50;0;50.599951019708186
132;3926;60;50;0;25.299975509854093
132;11600;60;50;0;25.299975509854093
132;11601;60;50;0;25.299975509854093
132;11602;60;50;0;25.299975509854093
132;11609;120;50;0;50.599951019708186
133;3855;120;50;0;50.599951019708186
133;3858;60;50;0;25.299975509854093
133;11384;60;50;0;25.299975509854093
133;11450;80;50;0;33.73330067980546
133;11456;60;50;0;25.299975509854093
134;10710;80;50;0;33.73330067980546
134;10711;80;50;0;33.73330067980546
134;11453;120;50;0;50.599951019708186
134;11460;120;50;0;50.599951019708186
134;11461;120;50;0;50.599951019708186
135;11391;120;50;0;50.599951019708186
135;11588;80;50;0;33.73330067980546
135;11593;60;50;0;25.299975509854093
135;11594;60;50;0;25.299975509854093
135;11595;120;50;0;50.599951019708186
136;10737;80;50;0;33.73330067980546
136;10740;80;50;0;33.73330067980546
136;10812;60;50;0;25.299975509854093
136;12267;120;50;0;50.599951019708186
136;12273;80;50;0;33.73330067980546
137;3844;60;50;0;25.299975509854093
137;3845;60;50;0;25.299975509854093
137;3846;60;50;0;25.299975509854093
137;3852;60;50;0;25.299975509854093
137;3853;120;50;0;50.599951019708186
138;11601;120;50;0;50.599951019708186
138;11605;120;50;0;50.599951019708186
138;12705;80;50;0;33.73330067980546
138;12739;120;50;0;50.599951019708186
138;12740;80;50;0;33.73330067980546
139;10805;120;50;0;50.599951019708186
139;10808;80;50;0;33.73330067980546
139;10809;80;50;0;33.73330067980546
139;10810;120;50;0;50.599951019708186
139;12717;80;50;0;33.73330067980546
140;10341;80;50;0;33.73330067980546
140;12324;80;50;0;33.73330067980546
140;12332;80;50;0;33.73330067980546
141;3875;120;50;0;50.599951019708186
141;10335;60;50;0;25.299975509854093
141;10336;80;50;0;33.73330067980546
141;10337;120;50;0;50.599951019708186
141;12324;80;50;0;33.73330067980546
142;3875;80;50;0;33.73330067980546
142;10336;60;50;0;25.299975509854093
142;10337;60;50;0;25.299975509854093
142;10364;120;50;0;50.599951019708186
142;10365;60;50;0;25.299975509854093
143;10438;60;50;0;25.299975509854093
143;12322;80;50;0;33.73330067980546
143;12325;80;50;0;33.73330067980546
143;12326;60;50;0;25.299975509854093
143;12329;60;50;0;25.299975509854093
144;876;60;50;0;25.299975509854093
144;10342;120;50;0;50.599951019708186
144;10343;60;50;0;25.299975509854093
144;12071;60;50;0;25.299975509854093
144;12077;120;50;0;50.599951019708186
145;10340;80;50;0;33.73330067980546
145;10344;120;50;0;50.599951019708186
145;12071;120;50;0;50.599951019708186
145;12330;120;50;0;50.599951019708186
145;12331;60;50;0;25.299975509854093
146;10367;60;50;0;25.299975509854093
146;11413;80;50;0;33.73330067980546
146;11414;60;50;0;25.299975509854093
146;11941;120;50;0;50.599951019708186
146;11946;80;50;0;33.73330067980546
147;10362;60;50;0;25.299975509854093
147;11415;60;50;0;25.299975509854093
147;12061;120;50;0;50.599951019708186
147;12067;80;50;0;33.73330067980546
147;12069;60;50;0;25.299975509854093
148;10349;60;50;0;25.299975509854093
148;10357;80;50;0;33.73330067980546
148;10359;80;50;0;33.73330067980546
148;10361;120;50;0;50.599951019708186
148;10363;60;50;0;25.299975509854093
149;10331;80;50;0;33.73330067980546
149;10441;60;50;0;25.299975509854093
149;10442;80;50;0;33.73330067980546
149;10444;80;50;0;33.73330067980546
149;10445;60;50;0;25.299975509854093
150;10438;80;50;0;33.73330067980546
150;12322;60;50;0;25.299975509854093
150;12325;60;50;0;25.299975509854093
150;12326;80;50;0;33.73330067980546
150;12328;120;50;0;50.599951019708186
151;11417;60;50;0;25.299975509854093
151;11420;60;50;0;25.299975509854093
151;11423;120;50;0;50.599951019708186
151;11424;120;50;0;50.599951019708186
151;12076;60;50;0;25.299975509854093
152;10396;60;50;0;25.299975509854093
152;10397;120;50;0;50.599951019708186
152;10420;120;50;0;50.599951019708186
152;10421;60;50;0;25.299975509854093
152;11420;120;50;0;50.599951019708186
153;10404;80;50;0;33.73330067980546
153;10407;80;50;0;33.73330067980546
153;10459;60;50;0;25.299975509854093
153;10672;60;50;0;25.299975509854093
153;10677;120;50;0;50.599951019708186
154;10405;80;50;0;33.73330067980546
154;10406;120;50;0;50.599951019708186
154;11935;60;50;0;25.299975509854093
154;11936;120;50;0;50.599951019708186
154;11942;60;50;0;25.299975509854093
155;10468;80;50;0;33.73330067980546
155;10469;120;50;0;50.599951019708186
155;10470;120;50;0;50.599951019708186
155;10471;120;50;0;50.599951019708186
155;10683;80;50;0;33.73330067980546
156;3294;120;50;0;50.599951019708186
156;3295;60;50;0;25.299975509854093
156;3302;120;50;0;50.599951019708186
156;3303;80;50;0;33.73330067980546
156;10639;120;50;0;50.599951019708186
157;3296;60;50;0;25.299975509854093
157;3302;80;50;0;33.73330067980546
157;3303;80;50;0;33.73330067980546
157;3304;120;50;0;50.599951019708186
157;10639;120;50;0;50.599951019708186
158;3296;60;50;0;25.299975509854093
158;3299;120;50;0;50.599951019708186
158;3300;60;50;0;25.299975509854093
158;3304;60;50;0;25.299975509854093
158;10639;120;50;0;50.599951019708186
159;10461;60;50;0;25.299975509854093
159;10462;120;50;0;50.599951019708186
159;10463;60;50;0;25.299975509854093
159;10464;120;50;0;50.599951019708186
159;10467;120;50;0;50.599951019708186
160;10484;120;50;0;50.599951019708186
160;10485;120;50;0;50.599951019708186
160;10486;120;50;0;50.599951019708186
160;10487;60;50;0;25.299975509854093
160;10488;80;50;0;33.73330067980546
161;3453;80;50;0;33.73330067980546
161;3454;80;50;0;33.73330067980546
161;3455;60;50;0;25.299975509854093
161;12659;80;50;0;33.73330067980546
161;12669;120;50;0;50.599951019708186
162;10162;60;50;0;25.299975509854093
162;10167;80;50;0;33.73330067980546
162;10168;60;50;0;25.299975509854093
162;10176;60;50;0;25.299975509854093
162;10177;120;50;0;50.599951019708186
163;12662;80;50;0;33.73330067980546
163;12664;80;50;0;33.73330067980546
163;12665;60;50;0;25.299975509854093
163;12666;80;50;0;33.73330067980546
163;12670;60;50;0;25.299975509854093
164;3486;60;50;0;25.299975509854093
164;10408;80;50;0;33.73330067980546
164;11583;120;50;0;50.599951019708186
164;12339;120;50;0;50.599951019708186
164;12405;80;50;0;33.73330067980546
165;3949;60;50;0;25.299975509854093
165;3952;120;50;0;50.599951019708186
165;10409;120;50;0;50.599951019708186
165;12338;80;50;0;33.73330067980546
165;12340;60;50;0;25.299975509854093
166;3482;60;50;0;25.299975509854093
166;10417;60;50;0;25.299975509854093
166;10418;120;50;0;50.599951019708186
166;10419;60;50;0;25.299975509854093
166;10472;80;50;0;33.73330067980546
167;3482;80;50;0;33.73330067980546
167;3484;120;50;0;50.599951019708186
167;10417;60;50;0;25.299975509854093
167;10473;80;50;0;33.73330067980546
167;10474;120;50;0;50.599951019708186
168;1050;80;50;0;33.73330067980546
168;10409;120;50;0;50.599951019708186
168;10410;80;50;0;33.73330067980546
168;10474;120;50;0;50.599951019708186
168;10477;60;50;0;25.299975509854093
169;10490;80;50;0;33.73330067980546
169;10491;60;50;0;25.299975509854093
169;10492;60;50;0;25.299975509854093
169;12394;120;50;0;50.599951019708186
169;12400;80;50;0;33.73330067980546
170;3869;60;50;0;25.299975509854093
170;3872;120;50;0;50.599951019708186
170;3873;60;50;0;25.299975509854093
170;10415;120;50;0;50.599951019708186
170;10416;120;50;0;50.599951019708186
171;3283;80;50;0;33.73330067980546
171;3452;80;50;0;33.73330067980546
171;3488;80;50;0;33.73330067980546
171;3490;120;50;0;50.599951019708186
171;10413;60;50;0;25.299975509854093
172;3482;60;50;0;25.299975509854093
172;10475;60;50;0;25.299975509854093
172;10479;80;50;0;33.73330067980546
172;10481;60;50;0;25.299975509854093
172;10482;80;50;0;33.73330067980546
173;3279;60;50;0;25.299975509854093
173;10447;60;50;0;25.299975509854093
173;10783;120;50;0;50.599951019708186
173;10785;60;50;0;25.299975509854093
173;10786;120;50;0;50.599951019708186
174;10452;120;50;0;50.599951019708186
174;10453;60;50;0;25.299975509854093
174;10454;80;50;0;33.73330067980546
174;10456;60;50;0;25.299975509854093
174;10457;80;50;0;33.73330067980546
175;10449;60;50;0;25.299975509854093
175;10784;60;50;0;25.299975509854093
175;10787;60;50;0;25.299975509854093
175;10792;80;50;0;33.73330067980546
175;10793;80;50;0;33.73330067980546
176;10321;120;50;0;50.599951019708186
176;10753;60;50;0;25.299975509854093
176;10772;80;50;0;33.73330067980546
176;10774;60;50;0;25.299975509854093
176;10775;120;50;0;50.599951019708186
177;10778;80;50;0;33.73330067980546
177;11928;120;50;0;50.599951019708186
177;11929;60;50;0;25.299975509854093
177;11932;120;50;0;50.599951019708186
177;11933;60;50;0;25.299975509854093
178;1067;120;50;0;50.599951019708186
178;10521;120;50;0;50.599951019708186
178;10522;60;50;0;25.299975509854093
178;10778;60;50;0;25.299975509854093
178;10782;120;50;0;50.599951019708186
179;10321;120;50;0;50.599951019708186
179;10323;60;50;0;25.299975509854093
179;10330;120;50;0;50.599951019708186
179;10750;60;50;0;25.299975509854093
179;10751;120;50;0;50.599951019708186
180;10651;80;50;0;33.73330067980546
180;10655;80;50;0;33.73330067980546
180;10657;80;50;0;33.73330067980546
180;10658;120;50;0;50.599951019708186
180;10744;60;50;0;25.299975509854093
181;876;60;50;0;25.299975509854093
181;10340;120;50;0;50.599951019708186
181;10343;120;50;0;50.599951019708186
181;10351;80;50;0;33.73330067980546
181;10385;60;50;0;25.299975509854093
182;10348;120;50;0;50.599951019708186
182;10351;80;50;0;33.73330067980546
182;10384;60;50;0;25.299975509854093
182;10385;120;50;0;50.599951019708186
182;10386;120;50;0;50.599951019708186
183;10428;120;50;0;50.599951019708186
183;10432;60;50;0;25.299975509854093
183;11437;120;50;0;50.599951019708186
183;11444;60;50;0;25.299975509854093
183;11446;80;50;0;33.73330067980546
184;10673;80;50;0;33.73330067980546
184;10675;80;50;0;33.73330067980546
184;10676;80;50;0;33.73330067980546
184;11425;80;50;0;33.73330067980546
184;11431;60;50;0;25.299975509854093
185;3489;120;50;0;50.599951019708186
185;10268;80;50;0;33.73330067980546
185;12402;60;50;0;25.299975509854093
185;12406;120;50;0;50.599951019708186
185;12407;80;50;0;33.73330067980546
186;3489;80;50;0;33.73330067980546
186;10427;80;50;0;33.73330067980546
186;12403;80;50;0;33.73330067980546
186;12404;80;50;0;33.73330067980546
186;12408;80;50;0;33.73330067980546
187;8463;120;50;0;50.599951019708186
187;8491;80;50;0;33.73330067980546
187;8926;60;50;0;25.299975509854093
187;8931;60;50;0;25.299975509854093
187;8932;60;50;0;25.299975509854093
188;8463;120;50;0;50.599951019708186
188;8925;120;50;0;50.599951019708186
188;8926;60;50;0;25.299975509854093
188;8931;80;50;0;33.73330067980546
188;8932;60;50;0;25.299975509854093
189;3639;60;50;0;25.299975509854093
189;3641;120;50;0;50.599951019708186
189;7616;60;50;0;25.299975509854093
189;7617;60;50;0;25.299975509854093
189;8492;120;50;0;50.599951019708186
190;7611;80;50;0;33.73330067980546
190;7619;60;50;0;25.299975509854093
190;8517;80;50;0;33.73330067980546
190;9146;80;50;0;33.73330067980546
190;9147;120;50;0;50.599951019708186
191;11659;120;50;0;50.599951019708186
191;11660;120;50;0;50.599951019708186
191;11664;60;50;0;25.299975509854093
191;11665;60;50;0;25.299975509854093
191;11669;80;50;0;33.73330067980546
192;10950;120;50;0;50.599951019708186
192;11656;60;50;0;25.299975509854093
192;11662;120;50;0;50.599951019708186
192;11663;120;50;0;50.599951019708186
192;11667;80;50;0;33.73330067980546
193;10928;80;50;0;33.73330067980546
193;10932;60;50;0;25.299975509854093
193;10934;60;50;0;25.299975509854093
193;10935;120;50;0;50.599951019708186
193;10944;80;50;0;33.73330067980546
194;11171;80;50;0;33.73330067980546
194;12786;120;50;0;50.599951019708186
194;12787;60;50;0;25.299975509854093
194;12788;80;50;0;33.73330067980546
194;12789;60;50;0;25.299975509854093
195;3537;60;50;0;25.299975509854093
195;3538;60;50;0;25.299975509854093
195;3541;60;50;0;25.299975509854093
195;3542;60;50;0;25.299975509854093
195;3543;60;50;0;25.299975509854093
196;947;120;50;0;50.599951019708186
196;948;120;50;0;50.599951019708186
196;10223;80;50;0;33.73330067980546
196;10951;60;50;0;25.299975509854093
196;10953;80;50;0;33.73330067980546
197;10994;60;50;0;25.299975509854093
197;11617;80;50;0;33.73330067980546
197;11691;80;50;0;33.73330067980546
197;11692;80;50;0;33.73330067980546
197;11747;80;50;0;33.73330067980546
198;3522;80;50;0;33.73330067980546
198;3523;80;50;0;33.73330067980546
198;3524;60;50;0;25.299975509854093
198;10938;120;50;0;50.599951019708186
198;10939;80;50;0;33.73330067980546
199;3527;80;50;0;33.73330067980546
199;10280;80;50;0;33.73330067980546
199;10283;80;50;0;33.73330067980546
199;10284;120;50;0;50.599951019708186
199;10288;80;50;0;33.73330067980546
200;10986;120;50;0;50.599951019708186
200;10988;60;50;0;25.299975509854093
200;10989;60;50;0;25.299975509854093
200;11615;60;50;0;25.299975509854093
200;11619;60;50;0;25.299975509854093
