1;47.634540040729036;6.858598267463458;0
2;46.209408390791545;6.140569004645708;0

3;47.401168729109585;7.020154851597453;0
4;47.34038295589443;7.204149850194502;0
5;47.035402879977966;6.881036681926513;0
6;46.731745781740194;6.566898879443748;0
7;46.543787923480025;6.553435830765914;0

8;47.23993324375922;6.019401567923679;0
9;46.851573459442044;5.602047059208909;0
10;46.53144000449224;5.593071693647221;0
11;46.144152340212415;5.58858401075461;0
12;46.13171383526896;6.109155226260223;0

13;47.25091158640146;6.793938083794343;0
14;47.10754711708603;6.82983954693523;0

Arcs:
1;3;80;90;0;
3;4;20;50;10;
4;5;100;70;10;
5;6;20;50;0;
6;7;50;70;-20;
7;2;100;80;-10;

8;9;50;80;5;
9;10;100;80;10;
10;11;50;80;-10;
11;12;50;70;10;
12;2;10;60;-5;

13;14;50;30;10;
14;5;30;30;20;
